45 31
154
1 0 4
5 0 2
9 0 7
14 0 3
22 0 5
35 0 3
39 0 5
2 1 3
6 1 3
10 1 5
15 1 4
23 1 2
32 1 4
34 1 3
38 1 4
43 1 5
21 2 6
26 2 9
31 2 2
44 2 5
16 3 4
20 3 4
25 3 4
17 4 6
27 4 7
0 5 8
9 5 3
13 5 2
26 5 4
36 5 3
1 6 3
8 6 2
14 6 14
32 6 3
35 6 4
40 6 3
5 7 4
24 7 3
33 7 4
39 7 4
4 8 2
23 8 4
30 8 7
43 8 4
1 9 4
29 9 2
37 9 3
42 9 3
2 10 5
5 10 4
15 10 3
19 10 4
36 10 4
6 11 5
14 11 3
20 11 4
25 11 9
0 12 2
10 12 3
24 12 9
44 12 3
1 13 2
9 13 5
17 13 4
22 13 4
28 13 2
37 13 9
40 13 5
43 13 4
11 14 4
15 14 3
18 14 2
21 14 3
29 14 3
33 14 3
36 14 3
39 14 3
5 15 3
10 15 3
14 15 5
26 15 4
32 15 2
0 16 5
4 16 2
25 16 5
29 16 4
1 17 3
10 17 5
28 17 2
37 17 6
11 18 3
19 18 2
22 18 3
38 18 9
16 19 4
18 19 6
21 19 3
3 20 2
6 20 4
15 20 6
2 21 5
5 21 4
24 21 3
34 21 6
39 21 3
10 22 2
21 22 3
23 22 5
32 22 5
35 22 4
38 22 5
44 22 5
7 23 5
9 23 4
13 23 3
20 23 4
27 23 3
31 23 9
43 23 6
3 24 2
6 24 3
14 24 6
28 24 3
2 25 4
24 25 2
31 25 3
0 26 4
8 26 3
12 26 4
25 26 5
32 26 3
41 26 2
1 27 3
7 27 2
13 27 2
16 27 9
35 27 5
42 27 2
17 28 7
21 28 3
36 28 6
4 29 4
9 29 2
22 29 5
26 29 2
30 29 3
34 29 4
41 29 6
3 30 4
8 30 3
25 30 6
31 30 2
35 30 5
42 30 5
