36 20
72
11 1 4
29 1 27
10 2 2
12 2 3
19 2 1
21 2 1
28 2 2
30 2 3
3 3 4
20 3 1
24 3 3
26 3 1
33 3 1
4 4 3
13 4 5
15 4 4
25 4 7
34 4 14
3 5 8
9 5 8
14 5 9
33 5 6
8 6 3
27 6 2
9 7 2
17 7 2
19 7 2
26 7 3
18 8 2
23 8 5
27 8 3
32 8 5
3 9 6
12 9 3
22 9 7
31 9 3
4 10 5
13 10 1
23 10 3
32 10 2
3 11 6
8 11 7
12 11 1
17 11 3
9 12 7
16 12 4
18 12 2
26 12 3
8 13 7
27 13 1
2 14 3
21 14 4
26 14 7
32 14 4
1 15 6
10 15 9
20 15 8
22 15 2
31 15 12
2 16 3
9 16 3
11 16 3
15 16 4
32 16 5
5 17 3
7 17 1
14 17 4
16 17 2
23 17 3
25 17 12
6 18 3
24 18 8
