36 20
82
0 0 12
8 0 9
11 0 3
17 0 3
21 0 8
7 1 2
13 1 7
18 1 1
25 1 2
30 1 1
32 1 9
34 1 6
3 2 3
24 2 1
4 3 1
25 3 4
7 4 1
21 4 2
33 4 4
35 4 3
10 5 1
14 5 5
18 5 5
29 5 6
1 6 4
4 6 1
13 6 5
17 6 5
21 6 2
28 6 1
7 7 6
22 7 2
34 7 8
10 8 5
25 8 3
0 9 3
4 9 1
13 9 1
16 9 4
18 9 1
28 9 16
7 10 5
17 10 1
19 10 4
22 10 4
31 10 1
35 10 2
10 11 4
25 11 1
1 12 5
13 12 7
28 12 1
7 13 12
14 13 3
18 13 3
22 13 8
31 13 1
34 13 2
6 14 12
17 14 7
21 14 2
25 14 4
0 15 1
2 15 2
14 15 2
28 15 5
10 16 1
31 16 7
11 17 1
32 17 3
1 18 4
3 18 6
5 18 4
10 18 1
17 18 2
22 18 4
28 18 2
14 19 5
18 19 3
24 19 3
27 19 6
35 19 5
