36 20
81
1 0 8
3 0 2
6 0 4
17 0 8
26 0 5
31 0 2
33 0 4
8 1 3
18 1 4
23 1 5
25 1 4
9 2 7
22 2 3
29 2 1
31 2 3
34 2 2
5 3 4
11 3 2
27 3 2
12 4 9
14 4 5
22 4 6
9 5 3
18 5 1
28 5 3
30 5 3
0 6 2
8 6 5
26 6 4
31 6 4
33 6 4
12 7 4
21 7 3
25 7 3
2 8 3
13 8 5
16 8 3
20 8 2
23 8 4
32 8 3
35 8 2
10 9 1
26 9 6
34 9 3
7 10 6
12 10 6
20 10 1
28 10 4
3 11 5
5 11 4
11 11 4
23 11 9
0 12 2
17 12 6
27 12 5
32 12 2
4 13 1
12 13 5
18 13 11
22 13 5
33 13 5
3 14 4
7 14 2
20 14 4
28 14 3
35 14 5
5 15 6
11 15 2
29 15 2
2 16 2
20 16 3
18 17 3
6 18 2
8 18 4
12 18 4
17 18 3
35 18 8
4 19 6
13 19 3
23 19 9
30 19 6
