36 20
73
11 0 3
20 0 4
24 0 4
28 0 7
25 1 4
29 1 5
32 1 10
0 2 4
2 2 3
11 2 16
17 2 3
19 2 1
33 2 2
6 3 3
0 4 5
14 4 12
23 4 2
26 4 3
2 5 1
4 5 4
18 5 3
21 5 5
9 6 6
14 6 3
27 6 3
31 6 1
4 7 4
35 7 5
6 8 3
14 8 2
19 8 4
31 8 14
3 9 3
13 9 7
17 9 1
25 9 4
28 9 4
1 10 2
20 10 7
24 10 2
32 10 12
7 11 2
13 11 1
16 11 3
18 11 8
8 12 9
23 12 4
31 12 2
1 13 3
4 13 5
25 13 4
6 14 1
26 14 7
2 15 3
8 15 2
10 15 3
30 15 4
12 16 3
20 16 4
27 16 3
29 16 4
0 17 3
21 17 1
24 17 8
35 17 3
1 18 24
18 18 6
4 19 3
7 19 3
17 19 5
22 19 3
31 19 2
35 19 5
